-0.357143 0.348802 2.802493 1.000000
0.037053 0.372810 2.648190 1.000000
-0.202162 0.448589 2.631404 0.000000
-0.129206 0.227157 2.783332 0.000000
-0.335558 0.078879 2.707891 0.000000
-0.017377 0.075711 2.574564 0.980769
-0.127920 0.041133 2.757945 0.000000
-0.400551 0.075846 2.716472 1.000000
0.075651 0.086922 2.624366 1.000000
-0.406649 -0.233921 2.657166 1.000000
0.055668 -0.227886 2.621654 1.000000
-0.358388 -0.298372 2.639437 0.930288
0.027134 -0.305183 2.618754 0.980769
-0.271813 -0.506955 2.688459 1.000000
-0.035438 -0.492925 2.672676 1.000000
-0.312768 -0.956607 2.765267 0.609856
-0.139431 -0.936136 2.722812 0.300481
-0.396021 -0.983163 2.565412 0.000000
-0.186009 -0.949266 2.510123 0.000000
-0.169073 0.661131 2.600849 1.000000
-0.356555 0.349802 2.806145 1.000000
0.036767 0.374008 2.649660 1.000000
-0.202580 0.449646 2.634183 0.000000
-0.128657 0.228284 2.785746 0.000000
-0.330940 0.074550 2.707229 0.000000
-0.012275 0.075699 2.575031 1.000000
-0.122786 0.041622 2.758525 0.000000
-0.398705 0.077910 2.716434 1.000000
0.080504 0.088893 2.626266 1.000000
-0.402101 -0.232429 2.660371 1.000000
0.057560 -0.225574 2.619201 1.000000
-0.366887 -0.305750 2.646904 0.593750
0.030258 -0.303198 2.624341 1.000000
-0.277237 -0.510381 2.687231 1.000000
-0.038275 -0.496815 2.675730 1.000000
-0.305256 -0.958848 2.775867 0.591106
-0.115649 -0.946287 2.717586 0.534856
-0.388892 -0.992867 2.577306 0.000000
-0.177796 -0.955042 2.508685 0.000000
-0.168061 0.660073 2.595660 1.000000
-0.353060 0.352372 2.805766 1.000000
0.039369 0.372902 2.646537 1.000000
-0.200126 0.447949 2.630482 0.000000
-0.125173 0.230545 2.787180 0.000000
-0.336932 0.071817 2.700003 0.000000
-0.013115 0.076218 2.581055 0.615385
-0.130566 0.043415 2.760424 0.000000
-0.398590 0.081591 2.715899 1.000000
0.077575 0.086780 2.634444 1.000000
-0.411825 -0.227159 2.655632 1.000000
0.058330 -0.227160 2.620107 1.000000
-0.368874 -0.297533 2.655877 0.778846
0.028323 -0.303688 2.613744 1.000000
-0.278331 -0.512841 2.685884 1.000000
-0.037913 -0.498763 2.676524 1.000000
-0.318243 -0.959430 2.779313 0.581731
-0.134593 -0.944703 2.715947 0.394231
-0.392820 -0.994998 2.577442 0.000000
-0.178782 -0.953989 2.502547 0.000000
-0.164989 0.666980 2.606879 1.000000
-0.354822 0.352434 2.800395 1.000000
0.040440 0.369998 2.647963 1.000000
-0.198224 0.446636 2.627621 0.000000
-0.127482 0.229028 2.785984 0.000000
-0.340735 0.072403 2.696419 0.000000
-0.014197 0.075994 2.585131 0.490385
-0.135907 0.043697 2.761730 0.000000
-0.400039 0.079189 2.720136 1.000000
0.070061 0.083645 2.631408 1.000000
-0.408509 -0.228290 2.655827 1.000000
0.058718 -0.230332 2.625037 1.000000
-0.370189 -0.301271 2.654160 0.661058
0.031342 -0.308012 2.621313 1.000000
-0.277758 -0.512759 2.684238 1.000000
-0.039774 -0.499845 2.673155 1.000000
-0.297771 -0.961650 2.772897 0.712981
-0.195720 -0.928481 2.714590 0.478606
-0.368270 -0.998617 2.569816 0.000000
-0.192734 -0.950542 2.497604 0.000000
-0.171259 0.663446 2.602825 1.000000
-0.355564 0.350880 2.806760 1.000000
0.037849 0.372052 2.650063 1.000000
-0.201393 0.447745 2.633276 0.000000
-0.127818 0.228752 2.788408 0.000000
-0.336636 0.070427 2.703163 0.000000
-0.015955 0.079967 2.576286 0.634615
-0.128395 0.045756 2.758579 0.000000
-0.397483 0.078954 2.719657 1.000000
0.073436 0.086461 2.628618 1.000000
-0.410880 -0.228234 2.653529 1.000000
0.059773 -0.227729 2.624724 1.000000
-0.370100 -0.299856 2.655713 0.762019
0.032151 -0.304786 2.614892 1.000000
-0.279260 -0.513037 2.685029 1.000000
-0.037047 -0.496554 2.674763 1.000000
-0.289477 -0.961501 2.777436 0.809856
-0.180054 -0.929932 2.713448 0.575481
-0.370411 -1.000609 2.578694 0.000000
-0.198119 -0.943338 2.496486 0.000000
-0.170778 0.664801 2.607131 1.000000
-0.355508 0.351164 2.802845 1.000000
0.041762 0.374052 2.656456 1.000000
-0.196922 0.450231 2.634665 0.000000
-0.127463 0.229049 2.788583 0.000000
-0.335553 0.068837 2.698117 0.000000
-0.012579 0.108759 2.583577 0.461538
-0.127854 0.051542 2.758167 0.000000
-0.400276 0.077893 2.718836 0.938462
0.065893 0.086489 2.634912 1.000000
-0.407355 -0.232189 2.661821 1.000000
0.069587 -0.228603 2.622456 1.000000
-0.369613 -0.305478 2.663123 0.492788
0.036832 -0.304263 2.622609 0.930288
-0.279190 -0.500351 2.683247 1.000000
-0.036015 -0.477274 2.658766 1.000000
-0.286428 -0.948088 2.779389 0.903606
-0.061790 -0.924644 2.753424 0.459856
-0.359452 -0.990110 2.578192 0.000000
-0.119081 -0.965047 2.546872 0.000000
-0.163830 0.659349 2.592989 1.000000
-0.355793 0.350686 2.802816 1.000000
0.041278 0.372766 2.655769 1.000000
-0.197417 0.448894 2.633937 0.000000
-0.127796 0.228449 2.788835 0.000000
-0.333359 0.063523 2.700215 0.000000
-0.011114 0.091387 2.580187 0.461538
-0.125300 0.045598 2.758817 0.000000
-0.396743 0.076303 2.719770 0.984615
0.073113 0.086097 2.629933 1.000000
-0.400678 -0.230592 2.646317 1.000000
0.067296 -0.229194 2.617552 1.000000
-0.363716 -0.303026 2.659906 0.677885
0.036028 -0.305296 2.612233 1.000000
-0.280315 -0.511748 2.686326 1.000000
-0.039864 -0.492050 2.671091 1.000000
-0.295532 -0.958255 2.787143 0.731731
-0.070555 -0.941220 2.755164 0.322356
-0.372365 -1.000722 2.587463 0.000000
-0.133414 -0.975491 2.549123 0.000000
-0.164269 0.661067 2.598073 1.000000
-0.355619 0.352158 2.798646 1.000000
0.041310 0.372089 2.650909 1.000000
-0.197853 0.446019 2.626751 0.000000
-0.126869 0.230957 2.788451 0.000000
-0.329173 0.066069 2.705786 0.000000
-0.006891 0.083181 2.583860 0.865385
-0.121416 0.042815 2.763578 0.000000
-0.401607 0.075863 2.721859 1.000000
0.077375 0.084700 2.629532 1.000000
-0.403922 -0.233685 2.655884 1.000000
0.066380 -0.228604 2.585970 1.000000
-0.363522 -0.305502 2.658618 0.728365
0.028229 -0.299458 2.568035 1.000000
-0.281560 -0.513427 2.685503 1.000000
-0.039968 -0.498213 2.672604 1.000000
-0.304458 -0.959817 2.785378 0.669231
-0.082538 -0.948170 2.746698 0.519231
-0.382874 -1.000420 2.585927 0.000000
-0.146392 -0.976164 2.540016 0.000000
-0.167809 0.665355 2.601515 1.000000
-0.352569 0.352888 2.799555 1.000000
0.043046 0.370240 2.648017 1.000000
-0.195371 0.447633 2.627624 0.000000
-0.125532 0.228954 2.784911 0.000000
-0.328605 0.065504 2.706882 0.000000
-0.008603 0.081063 2.578892 1.000000
-0.119769 0.044195 2.761448 0.000000
-0.401192 0.077058 2.716800 1.000000
0.099672 0.088539 2.595742 1.000000
-0.403782 -0.236770 2.663845 1.000000
0.095409 -0.177094 2.420469 1.000000
-0.365012 -0.304392 2.636982 0.762019
0.054482 -0.234483 2.377703 0.812500
-0.282547 -0.515604 2.682155 1.000000
-0.039767 -0.498746 2.680380 1.000000
-0.315873 -0.961776 2.780056 0.416106
-0.102124 -0.949618 2.731273 0.344231
-0.397756 -0.999252 2.581387 0.000000
-0.166547 -0.964174 2.523388 0.000000
-0.163424 0.665682 2.609714 1.000000
-0.355562 0.357936 2.793930 1.000000
0.042124 0.369659 2.647357 1.000000
-0.195852 0.446636 2.621093 0.000000
-0.128566 0.233280 2.786589 0.000000
-0.329857 0.073799 2.711517 0.000000
-0.008916 0.085478 2.585481 1.000000
-0.121814 0.046817 2.766597 0.000000
-0.398338 0.079925 2.714941 1.000000
0.122035 0.108281 2.544134 1.000000
-0.417151 -0.232857 2.658463 1.000000
0.097974 -0.055592 2.272209 1.000000
-0.381291 -0.306735 2.665785 0.543269
0.054346 -0.103085 2.220844 1.000000
-0.300518 -0.506247 2.681508 1.000000
-0.041148 -0.493620 2.675358 1.000000
-0.235199 -0.949607 2.776005 1.000000
-0.161798 -0.932159 2.729128 0.487981
-0.330933 -1.003853 2.587668 0.000000
-0.200626 -0.947725 2.515052 0.000000
-0.167547 0.668670 2.610133 1.000000
-0.354932 0.361587 2.784543 1.000000
0.042560 0.370575 2.637248 1.000000
-0.196918 0.440515 2.605518 0.000000
-0.125428 0.241400 2.786293 0.000000
-0.321053 0.067108 2.717777 0.000000
-0.005400 0.079647 2.579100 1.000000
-0.110847 0.041672 2.764795 0.000000
-0.406045 0.082024 2.719770 1.000000
0.138485 0.149249 2.473613 1.000000
-0.420280 -0.228439 2.654073 1.000000
0.110011 0.101910 2.160795 0.519231
-0.394238 -0.305484 2.640532 0.475962
0.067154 0.096831 2.090547 0.812500
-0.285766 -0.513996 2.684420 1.000000
-0.037706 -0.498976 2.680084 1.000000
-0.299132 -0.960480 2.785602 0.691106
-0.092477 -0.951500 2.724655 0.656731
-0.389935 -1.001723 2.591611 0.000000
-0.166706 -0.962687 2.519854 0.000000
-0.168702 0.673376 2.604036 1.000000
-0.318908 0.371661 2.749614 1.000000
0.085897 0.358715 2.624151 0.000000
-0.148615 0.435747 2.576002 0.000000
-0.094733 0.243357 2.769702 0.000000
-0.308352 0.087272 2.689356 0.471154
0.017088 0.057451 2.578791 1.000000
-0.105629 0.051210 2.757524 0.000000
-0.410018 0.095239 2.716923 1.000000
0.141311 0.203654 2.381943 1.000000
-0.438119 -0.216785 2.655885 1.000000
0.125427 0.310977 2.081769 1.000000
-0.437120 -0.297178 2.637624 0.459135
0.083538 0.338865 2.016462 1.000000
-0.288135 -0.506663 2.684947 1.000000
-0.043733 -0.514117 2.677608 1.000000
-0.308708 -0.956227 2.769993 0.819231
-0.050605 -0.969984 2.721220 0.291106
-0.383722 -0.990979 2.568142 0.000000
-0.122329 -0.988530 2.516061 0.000000
-0.175546 0.679317 2.601219 1.000000
-0.305172 0.370015 2.738399 1.000000
0.098309 0.352239 2.609310 0.000000
-0.136261 0.429508 2.561827 0.000000
-0.081481 0.240950 2.759012 0.000000
-0.297501 0.087147 2.675017 0.519231
0.027424 0.041768 2.568297 1.000000
-0.095718 0.052323 2.746534 0.000000
-0.416825 0.098096 2.729248 1.000000
0.138930 0.224537 2.347523 1.000000
-0.428502 -0.211169 2.645957 1.000000
0.132811 0.404941 2.082691 1.000000
-0.478089 -0.268766 2.614001 0.526442
0.098162 0.445019 2.019520 0.947115
-0.291462 -0.510044 2.684442 1.000000
-0.045914 -0.526911 2.675070 1.000000
-0.295801 -0.960758 2.765692 0.759856
-0.050675 -0.982573 2.721037 0.081731
-0.372457 -0.996272 2.564592 0.000000
-0.122554 -1.002500 2.516062 0.000000
-0.167121 0.677595 2.604321 0.995192
-0.312866 0.363268 2.735330 1.000000
0.086803 0.351049 2.594293 0.000000
-0.150550 0.423079 2.552781 0.000000
-0.086189 0.238817 2.751130 0.000000
-0.290533 0.081831 2.667476 0.221154
0.031016 0.035084 2.551520 1.000000
-0.085929 0.052774 2.733330 0.000000
-0.414254 0.088440 2.737810 1.000000
0.139803 0.240731 2.328140 1.000000
-0.419894 -0.209112 2.622268 1.000000
0.128556 0.447113 2.084832 1.000000
-0.441437 -0.285476 2.599866 0.223558
0.096444 0.498195 2.028646 1.000000
-0.291045 -0.514642 2.683729 1.000000
-0.050998 -0.534339 2.668941 1.000000
-0.283515 -0.965800 2.762243 0.703606
-0.057947 -0.989342 2.720792 0.344231
-0.368906 -1.001595 2.564745 0.000000
-0.135710 -1.011243 2.518180 0.000000
-0.185349 0.680622 2.596190 1.000000
-0.316637 0.360439 2.736577 1.000000
0.082218 0.354684 2.592850 0.836538
-0.155997 0.425531 2.554352 0.000000
-0.088815 0.237641 2.748313 0.000000
-0.298688 0.072777 2.661989 0.182692
0.023662 0.047408 2.541690 1.000000
-0.092345 0.050311 2.724933 0.000000
-0.415829 0.088358 2.744267 1.000000
0.141345 0.244099 2.331697 1.000000
-0.391565 -0.189505 2.596358 1.000000
0.130207 0.465419 2.106824 1.000000
-0.415958 -0.254591 2.552016 0.290865
0.106905 0.521556 2.051119 1.000000
-0.290851 -0.517286 2.678372 1.000000
-0.052375 -0.528551 2.656843 1.000000
-0.314032 -0.965187 2.771169 0.562981
-0.070006 -0.982525 2.714815 0.169231
-0.396984 -1.001989 2.572819 0.000000
-0.146720 -1.005455 2.511917 0.000000
-0.187435 0.677487 2.606101 1.000000
-0.313105 0.368007 2.740533 1.000000
0.087326 0.384364 2.602100 0.000000
-0.152878 0.448495 2.564190 0.000000
-0.081062 0.253084 2.748835 0.000000
-0.293716 0.070854 2.641803 1.000000
0.032178 0.100378 2.532505 1.000000
-0.087646 0.057538 2.708149 0.000000
-0.416456 0.099607 2.738944 1.000000
0.140120 0.265736 2.345464 1.000000
-0.377667 -0.169905 2.583693 1.000000
0.139504 0.478150 2.114977 1.000000
-0.402813 -0.232464 2.536243 0.307692
0.114972 0.535889 2.061482 1.000000
-0.291303 -0.488541 2.678236 1.000000
-0.061219 -0.483273 2.651693 1.000000
-0.299028 -0.940476 2.752126 0.875481
-0.045457 -0.940536 2.672331 0.356731
-0.374353 -0.972251 2.549901 0.000000
-0.126362 -0.952451 2.470116 0.000000
-0.195960 0.684749 2.610517 0.870192
-0.312170 0.364764 2.727930 1.000000
0.085592 0.369493 2.581170 0.701923
-0.153674 0.439209 2.547417 0.000000
-0.082938 0.244147 2.732847 0.000000
-0.286272 0.082350 2.647924 0.048077
0.037447 0.065340 2.529849 1.000000
-0.080756 0.054401 2.711376 0.000000
-0.403138 0.093534 2.729986 1.000000
0.154380 0.292945 2.314236 1.000000
-0.379239 -0.184050 2.590063 1.000000
0.159156 0.537867 2.121380 1.000000
-0.388002 -0.210867 2.512594 0.509615
0.138403 0.598180 2.069140 1.000000
-0.294427 -0.497949 2.676330 1.000000
-0.057289 -0.509628 2.651374 1.000000
-0.288637 -0.950505 2.746493 0.759856
-0.066619 -0.964999 2.699480 0.622356
-0.375934 -0.982221 2.549130 0.000000
-0.141808 -0.984986 2.495702 0.000000
-0.196822 0.681984 2.602758 1.000000
-0.312380 0.365339 2.729829 1.000000
0.077028 0.373856 2.562304 0.923077
-0.164034 0.442600 2.542021 0.000000
-0.082611 0.245952 2.721288 0.000000
-0.285070 0.084962 2.654571 0.192308
0.029688 0.062344 2.515141 1.000000
-0.075851 0.057169 2.704557 0.000000
-0.400635 0.093649 2.732779 1.000000
0.152267 0.318765 2.292272 1.000000
-0.373427 -0.193573 2.615773 1.000000
0.175514 0.575615 2.117873 1.000000
-0.413275 -0.210742 2.545667 0.728365
0.162080 0.636814 2.064285 1.000000
-0.289201 -0.499429 2.678580 1.000000
-0.057133 -0.510520 2.649343 1.000000
-0.305952 -0.952141 2.745929 0.734856
-0.061483 -0.965846 2.698570 0.309856
-0.400957 -0.977589 2.551237 0.000000
-0.151013 -0.986381 2.500729 0.000000
-0.188175 0.681160 2.609909 0.923077
-0.311949 0.360567 2.723686 1.000000
0.073371 0.379852 2.547808 0.836538
-0.169266 0.444624 2.534413 0.000000
-0.080352 0.245599 2.707388 0.000000
-0.281841 0.082543 2.654990 0.115385
0.029892 0.074704 2.507390 1.000000
-0.070876 0.057468 2.698682 0.000000
-0.397126 0.088741 2.730992 1.000000
0.143409 0.326440 2.276811 1.000000
-0.380068 -0.202657 2.625019 1.000000
0.187434 0.591498 2.121119 1.000000
-0.410180 -0.228631 2.552797 0.593750
0.142384 0.659953 2.112078 1.000000
-0.290031 -0.494921 2.675214 1.000000
-0.056564 -0.501362 2.641836 1.000000
-0.297044 -0.947398 2.745774 0.834856
-0.067664 -0.956004 2.696075 0.812981
-0.399192 -0.975547 2.555112 0.000000
-0.160563 -0.977145 2.499858 0.000000
-0.189995 0.689719 2.586583 0.942308
-0.308732 0.359689 2.718266 1.000000
0.074198 0.374330 2.536811 0.923077
-0.168325 0.439954 2.525675 0.000000
-0.077872 0.243434 2.700704 0.000000
-0.280057 0.080645 2.650390 0.028846
0.029606 0.062008 2.499438 1.000000
-0.068833 0.055199 2.692589 0.000000
-0.402863 0.092603 2.745543 1.000000
0.151343 0.317745 2.268881 1.000000
-0.388436 -0.202540 2.651680 1.000000
0.171142 0.604877 2.153598 1.000000
-0.430933 -0.268683 2.626853 0.459135
0.171896 0.673315 2.107629 1.000000
-0.292935 -0.500643 2.673260 1.000000
-0.052755 -0.511410 2.640216 1.000000
-0.313327 -0.953361 2.739550 0.578606
-0.075579 -0.965954 2.691526 0.575481
-0.416224 -0.976681 2.548639 0.000000
-0.170409 -0.983280 2.495860 0.000000
-0.180315 0.688478 2.571480 0.927885
-0.314457 0.360639 2.712654 1.000000
0.077930 0.384859 2.553839 0.701923
-0.164320 0.448427 2.530994 0.000000
-0.081639 0.247276 2.704600 0.000000
-0.279760 0.074071 2.629119 0.375000
0.041205 0.099407 2.505165 1.000000
-0.071061 0.062146 2.686967 0.000000
-0.404813 0.092220 2.742427 1.000000
0.168305 0.290476 2.300811 1.000000
-0.400311 -0.209279 2.668978 1.000000
0.175770 0.579677 2.188454 1.000000
-0.380528 -0.271581 2.618733 0.711538
0.175449 0.652844 2.150457 1.000000
-0.291376 -0.483797 2.669355 1.000000
-0.060723 -0.488292 2.613894 1.000000
-0.298810 -0.936903 2.735715 0.687981
-0.047538 -0.926774 2.745517 0.594231
-0.386803 -0.964411 2.538031 0.000000
-0.139113 -0.986212 2.556680 0.000000
-0.180122 0.684363 2.574838 1.000000
-0.317008 0.359964 2.700734 1.000000
0.077739 0.355744 2.546030 1.000000
-0.161546 0.426461 2.514568 0.000000
-0.088778 0.237450 2.705399 0.000000
-0.290258 0.072076 2.624733 0.423077
0.037315 0.071502 2.516469 1.000000
-0.086114 0.045084 2.692854 0.000000
-0.403660 0.090473 2.732819 1.000000
0.203322 0.222905 2.327522 1.000000
-0.406671 -0.215776 2.681875 1.000000
0.204296 0.520868 2.240289 1.000000
-0.384419 -0.283431 2.640341 0.846154
0.187572 0.596172 2.211185 1.000000
-0.295195 -0.498574 2.662584 1.000000
-0.059083 -0.507635 2.624699 1.000000
-0.279289 -0.951315 2.729941 0.719231
-0.093215 -0.952141 2.729647 0.406731
-0.361655 -0.983865 2.530605 0.000000
-0.159323 -0.995083 2.526265 0.000000
-0.183675 0.675710 2.573706 1.000000
-0.330551 0.349958 2.719505 1.000000
0.049352 0.355679 2.531311 1.000000
-0.194274 0.416861 2.519005 0.000000
-0.098253 0.235899 2.707339 0.000000
-0.287121 0.061016 2.655959 0.000000
0.022362 0.046180 2.504219 1.000000
-0.076339 0.030098 2.696686 0.000000
-0.403297 0.075525 2.715362 1.000000
0.258091 0.207828 2.408060 1.000000
-0.412053 -0.230588 2.670993 1.000000
0.246072 0.499892 2.306547 1.000000
-0.394421 -0.308630 2.651095 0.475962
0.233390 0.576183 2.277977 1.000000
-0.298795 -0.521816 2.651664 1.000000
-0.058137 -0.530383 2.623150 1.000000
-0.283854 -0.968618 2.751211 0.541106
-0.096961 -0.973374 2.732768 0.191106
-0.393800 -1.013081 2.568144 0.000000
-0.188461 -1.013343 2.538837 0.000000
-0.174753 0.673899 2.571381 1.000000
-0.336964 0.350939 2.710728 1.000000
0.047277 0.353402 2.531483 1.000000
-0.195880 0.414756 2.512560 0.000000
-0.104648 0.236378 2.705679 0.000000
-0.285324 0.065360 2.654628 0.000000
0.026369 0.040384 2.508859 1.000000
-0.076380 0.028299 2.699491 0.000000
-0.402158 0.075946 2.690401 1.000000
0.272277 0.208381 2.438593 1.000000
-0.421018 -0.230515 2.657608 1.000000
0.274003 0.502906 2.345851 1.000000
-0.383560 -0.302827 2.644753 0.627404
0.263769 0.581722 2.323929 1.000000
-0.302333 -0.520210 2.647816 1.000000
-0.056921 -0.533489 2.621918 1.000000
-0.285472 -0.963435 2.761970 0.600481
-0.115512 -0.974522 2.730644 0.425481
-0.393457 -1.014546 2.579472 0.000000
-0.201359 -1.011694 2.533598 0.000000
-0.170945 0.675604 2.567174 1.000000
-0.337983 0.360928 2.696680 1.000000
0.054086 0.349014 2.535697 1.000000
-0.185855 0.417645 2.504617 0.000000
-0.109435 0.239136 2.703945 0.000000
-0.290243 0.069051 2.642233 0.076923
0.028466 0.041131 2.513122 1.000000
-0.084003 0.032196 2.698364 0.000000
-0.401382 0.084834 2.672076 1.000000
0.280147 0.207356 2.437301 1.000000
-0.430650 -0.222524 2.645655 1.000000
0.283099 0.510691 2.374036 1.000000
-0.413506 -0.300704 2.625870 0.795673
0.283962 0.592990 2.369182 1.000000
-0.299401 -0.518564 2.642208 1.000000
-0.058845 -0.532330 2.621686 1.000000
-0.315267 -0.958675 2.767966 0.394231
-0.112967 -0.974301 2.728907 0.228606
-0.407802 -1.009852 2.577186 0.000000
-0.189790 -1.013498 2.528557 0.000000
-0.167017 0.676145 2.570212 0.951923
-0.339972 0.360927 2.693186 1.000000
0.054025 0.357102 2.536572 1.000000
-0.186199 0.424289 2.504541 0.000000
-0.110347 0.241142 2.699836 0.000000
-0.297270 0.069680 2.639404 0.000000
0.019054 0.047759 2.503451 1.000000
-0.089107 0.037561 2.691177 0.000000
-0.407219 0.084774 2.656546 1.000000
0.257077 0.209495 2.398344 1.000000
-0.448557 -0.222353 2.617825 1.000000
0.283373 0.519188 2.367784 1.000000
-0.439729 -0.282897 2.562564 0.879808
0.283582 0.601332 2.374835 1.000000
-0.296761 -0.518403 2.635569 1.000000
-0.056667 -0.528013 2.611903 1.000000
-0.298917 -0.958715 2.761604 0.494231
-0.111381 -0.968198 2.725955 0.184856
-0.395284 -1.012128 2.573351 0.000000
-0.189392 -1.010148 2.526623 0.000000
-0.158259 0.673934 2.566249 1.000000
-0.334009 0.351590 2.689637 1.000000
0.052578 0.351638 2.515493 1.000000
-0.190367 0.412385 2.492359 0.000000
-0.101533 0.237244 2.689516 0.000000
-0.289503 0.069832 2.632362 0.000000
0.023742 0.041315 2.490624 1.000000
-0.081025 0.034157 2.680405 0.000000
-0.415066 0.078149 2.655446 1.000000
0.261906 0.263764 2.339513 1.000000
-0.458908 -0.223369 2.583649 1.000000
0.263040 0.576783 2.336601 1.000000
-0.472601 -0.304342 2.576344 0.341346
0.271209 0.657786 2.349609 1.000000
-0.300602 -0.517950 2.632616 1.000000
-0.057831 -0.531396 2.607861 1.000000
-0.289298 -0.960370 2.750517 0.553606
-0.110858 -0.971125 2.724439 0.228606
-0.392914 -1.012263 2.565722 0.000000
-0.194722 -1.013215 2.527529 0.000000
-0.147976 0.673982 2.584483 0.230769
-0.327036 0.350904 2.689306 1.000000
0.044789 0.349218 2.485543 1.000000
-0.199875 0.407128 2.479743 0.000000
-0.094028 0.238645 2.674285 0.000000
-0.286409 0.064280 2.634021 0.182692
0.014358 0.038588 2.466975 1.000000
-0.074148 0.032084 2.664885 0.000000
-0.414119 0.079469 2.654361 1.000000
0.239289 0.332018 2.274936 1.000000
-0.464941 -0.217604 2.569963 1.000000
0.229221 0.644729 2.283196 1.000000
-0.460828 -0.248996 2.493838 0.408654
0.268047 0.713363 2.307269 0.879808
-0.303763 -0.521621 2.635330 1.000000
-0.061685 -0.533375 2.603958 1.000000
-0.305668 -0.964331 2.752669 0.366106
-0.097478 -0.974354 2.722366 0.237981
-0.422669 -1.011025 2.574598 0.000000
-0.199729 -1.016535 2.534365 0.000000
-0.143168 0.668972 2.597060 0.793269
-0.325828 0.353149 2.705889 1.000000
0.014394 0.373848 2.459768 1.000000
-0.228122 0.421944 2.484600 0.000000
-0.092598 0.251215 2.657580 0.000000
-0.287294 0.062401 2.643835 0.028846
-0.008595 0.053451 2.440681 1.000000
-0.071282 0.043305 2.648073 0.000000
-0.412917 0.083901 2.660424 1.000000
0.147527 0.441914 2.215251 1.000000
-0.455517 -0.212358 2.571119 1.000000
0.193497 0.745390 2.157382 1.000000
-0.478993 -0.283134 2.535949 0.257212
0.252825 0.796676 2.182827 0.745192
-0.307745 -0.517769 2.643083 1.000000
-0.064279 -0.521437 2.601523 1.000000
-0.279484 -0.963664 2.743797 0.444231
-0.094106 -0.965755 2.708556 0.491106
-0.422259 -1.008554 2.585119 0.000000
-0.218876 -0.999696 2.532889 0.000000
-0.129806 0.650827 2.618227 0.600962
-0.313170 0.358248 2.723155 1.000000
-0.005757 0.370249 2.441148 1.000000
-0.239098 0.427866 2.493123 0.000000
-0.091875 0.247849 2.645950 0.000000
-0.282370 0.066499 2.653484 0.336538
-0.029005 0.053269 2.419698 1.000000
-0.067304 0.047133 2.633098 0.000000
-0.407757 0.091155 2.674565 1.000000
0.096153 0.481837 2.196590 1.000000
-0.439003 -0.208243 2.587743 1.000000
0.126343 0.750436 2.038171 1.000000
-0.457877 -0.249444 2.518869 0.375000
0.148694 0.829737 2.041193 1.000000
-0.310836 -0.515810 2.643309 1.000000
-0.064535 -0.517879 2.598344 1.000000
-0.300346 -0.961979 2.746203 0.253606
-0.083628 -0.963714 2.701449 0.400481
-0.457812 -0.999404 2.599976 0.000000
-0.228459 -0.994551 2.541289 0.000000
-0.119748 0.642554 2.620148 0.173077
-0.307363 0.364693 2.725094 1.000000
-0.010734 0.386540 2.431685 1.000000
-0.240645 0.446249 2.496741 0.000000
-0.092134 0.254075 2.632573 0.000000
-0.284562 0.077181 2.654815 0.000000
-0.041409 0.067419 2.410262 1.000000
-0.070298 0.061240 2.625136 0.000000
-0.409718 0.096066 2.696631 1.000000
0.064210 0.500119 2.176871 1.000000
-0.419064 -0.208732 2.618423 1.000000
0.042566 0.718987 1.951630 1.000000
-0.448735 -0.259820 2.560917 0.661058
0.062049 0.792997 1.920965 1.000000
-0.312550 -0.505162 2.638246 1.000000
-0.060329 -0.502698 2.595706 1.000000
-0.318764 -0.950097 2.746681 0.350481
-0.074494 -0.949659 2.694649 0.500481
-0.480310 -0.982667 2.603781 0.000000
-0.225820 -0.979026 2.540323 0.000000
-0.117917 0.651289 2.612077 0.610577
-0.285393 0.348359 2.740542 0.923077
0.000182 0.388326 2.430664 0.663462
-0.225446 0.452543 2.519635 0.000000
-0.082799 0.237285 2.623331 0.000000
-0.279459 0.073825 2.643993 0.000000
-0.051724 0.092462 2.385509 1.000000
-0.066931 0.070834 2.600787 0.000000
-0.401696 0.085932 2.715012 0.769231
0.010737 0.429712 2.145669 1.000000
-0.402756 -0.219348 2.641307 1.000000
-0.045151 0.627386 1.908118 1.000000
-0.421979 -0.298503 2.628567 0.862981
-0.030628 0.703941 1.881179 1.000000
-0.306610 -0.497617 2.627762 1.000000
-0.057834 -0.481546 2.580913 1.000000
-0.215982 -0.939534 2.706886 0.612981
-0.074367 -0.926135 2.689683 0.631731
-0.396833 -0.995977 2.598787 0.000000
-0.242843 -0.953116 2.553792 0.000000
-0.209264 0.678367 2.589574 1.000000
-0.279843 0.375570 2.701389 1.000000
0.043544 0.414942 2.430010 0.000000
-0.197206 0.466023 2.481759 0.000000
-0.054787 0.273539 2.623546 0.000000
-0.277953 0.087211 2.624164 0.000000
-0.023027 0.108868 2.392715 1.000000
-0.062204 0.078134 2.603818 0.000000
-0.391169 0.110423 2.712120 0.676923
-0.003415 0.306844 2.167481 1.000000
-0.405092 -0.202541 2.697633 1.000000
-0.081740 0.535587 1.967751 1.000000
-0.393906 -0.274780 2.659505 1.000000
-0.067931 0.609373 1.933659 1.000000
-0.317492 -0.471521 2.641900 1.000000
-0.063724 -0.466827 2.576978 1.000000
-0.117094 -0.881733 2.678375 1.000000
-0.067374 -0.911121 2.688125 0.728606
-0.307485 -0.978656 2.634379 0.000000
-0.223620 -0.946849 2.540175 0.000000
-0.223777 0.684940 2.588890 1.000000
-0.284902 0.354344 2.716994 1.000000
0.019565 0.357960 2.421930 1.000000
-0.213708 0.426055 2.486697 0.000000
-0.071884 0.234778 2.630696 0.000000
-0.280556 0.064220 2.638086 0.000000
-0.032845 0.086141 2.398955 1.000000
-0.065558 0.054763 2.611062 0.000000
-0.364585 0.127374 2.559718 0.600000
0.009440 0.131816 2.244852 1.000000
-0.358551 -0.185758 2.556431 0.836538
-0.102230 0.383992 2.096405 1.000000
-0.375151 -0.232802 2.622072 0.947115
-0.099037 0.452121 2.050084 1.000000
-0.320595 -0.494511 2.655204 1.000000
-0.064050 -0.491866 2.574500 1.000000
-0.091078 -0.890228 2.677433 1.000000
-0.039719 -0.932201 2.698099 0.600481
-0.278653 -1.000049 2.659162 0.000000
-0.196771 -0.981091 2.554841 0.000000
-0.250943 0.671478 2.562243 1.000000
-0.306522 0.321789 2.709406 1.000000
-0.001027 0.329292 2.415479 1.000000
-0.235451 0.394251 2.479306 0.000000
-0.091567 0.205066 2.624024 0.000000
-0.278407 0.009390 2.658315 0.000000
-0.029724 0.058296 2.424243 0.875000
-0.063855 0.032931 2.636929 0.000000
-0.373030 0.089698 2.554385 0.800000
0.063798 0.049856 2.421354 0.753846
-0.310979 -0.213818 2.512004 1.000000
-0.100224 0.223877 2.219906 1.000000
-0.298043 -0.294595 2.501752 0.000000
-0.105560 0.273979 2.154647 1.000000
-0.329292 -0.536698 2.664554 1.000000
-0.079477 -0.534477 2.592289 1.000000
-0.004922 -0.855485 2.610490 1.000000
-0.014251 -0.950248 2.772967 0.066106
-0.150761 -1.011439 2.655074 0.000000
-0.205086 -1.016088 2.690352 0.000000
-0.243303 0.658566 2.551926 1.000000
-0.328372 0.291852 2.755316 0.625000
-0.028898 0.382883 2.469300 1.000000
-0.264508 0.420439 2.548834 0.009615
-0.110545 0.208432 2.642565 0.000000
-0.287093 0.011381 2.657532 0.000000
-0.036095 0.060798 2.426052 1.000000
-0.072439 0.035938 2.638432 0.000000
-0.384985 0.096455 2.557643 0.461538
0.067233 0.117423 2.441924 1.000000
-0.327697 -0.200793 2.495043 1.000000
-0.108599 0.208767 2.204655 1.000000
-0.335811 -0.256530 2.555250 0.795673
-0.107239 0.265974 2.145302 0.307692
-0.340889 -0.534979 2.655409 1.000000
-0.083605 -0.530818 2.598702 1.000000
0.035787 -0.781118 2.570000 1.000000
-0.000020 -0.935772 2.795653 0.047356
-0.073491 -0.964250 2.615825 0.000000
-0.186941 -1.013744 2.714662 0.000000
-0.240096 0.653640 2.528471 1.000000
-0.335077 0.295193 2.761488 0.250000
-0.034715 0.411230 2.485636 1.000000
-0.274167 0.432224 2.559596 0.014423
-0.109644 0.228095 2.652871 0.000000
-0.281509 0.031066 2.663515 0.000000
-0.037036 0.072784 2.423687 0.942308
-0.067835 0.058087 2.637881 0.000000
-0.383782 0.110284 2.555681 0.415385
0.074561 0.158040 2.447411 1.000000
-0.336106 -0.184611 2.488659 1.000000
-0.107581 0.203222 2.209013 1.000000
-0.332530 -0.242173 2.547576 1.000000
-0.153537 0.230632 2.146290 0.072115
-0.332423 -0.519889 2.658762 1.000000
-0.089266 -0.521393 2.586239 1.000000
0.016156 -0.792305 2.540245 1.000000
0.002416 -0.929797 2.772155 0.553606
-0.104275 -0.967554 2.588853 0.000000
-0.182676 -1.009392 2.688583 0.000000
-0.221543 0.655172 2.507526 1.000000
-0.349317 0.308702 2.770236 0.557692
-0.051444 0.425767 2.492130 1.000000
-0.292720 0.437911 2.562031 0.000000
-0.119119 0.248008 2.668033 0.000000
-0.289952 0.046455 2.671929 0.000000
-0.044614 0.085341 2.432509 1.000000
-0.076872 0.078280 2.646877 0.000000
-0.390488 0.121369 2.570791 0.446154
0.078866 0.184230 2.476936 1.000000
-0.346484 -0.171268 2.512820 1.000000
-0.083707 0.187262 2.225363 1.000000
-0.350463 -0.228777 2.571762 1.000000
-0.101230 0.253268 2.179173 0.475962
-0.337420 -0.508206 2.648847 1.000000
-0.089360 -0.509422 2.591259 1.000000
-0.002272 -0.802136 2.543752 1.000000
-0.006272 -0.924466 2.766186 0.575481
-0.137815 -0.969334 2.579130 0.000000
-0.186803 -1.000908 2.670563 0.000000
-0.220454 0.671702 2.502342 1.000000
-0.354825 0.316277 2.782505 0.721154
-0.051369 0.420622 2.505372 1.000000
-0.292743 0.440838 2.573033 0.000000
-0.125696 0.247412 2.683119 0.000000
-0.305170 0.053441 2.673919 0.000000
-0.056834 0.082659 2.436221 1.000000
-0.090432 0.072734 2.650270 0.000000
-0.421939 0.054211 2.736868 0.369231
0.077346 0.180639 2.488331 1.000000
-0.423623 -0.243912 2.714328 1.000000
-0.076260 0.181295 2.233725 1.000000
-0.396010 -0.298192 2.658754 0.088942
-0.082986 0.243422 2.179943 0.442308
-0.332610 -0.512655 2.652177 1.000000
-0.082931 -0.507409 2.598342 1.000000
-0.007607 -0.817143 2.545293 1.000000
-0.003335 -0.932835 2.748144 0.350481
-0.148428 -0.979901 2.580760 0.000000
-0.167337 -1.006922 2.624884 0.000000
-0.221908 0.666700 2.503846 1.000000
-0.360485 0.329484 2.802218 0.759615
-0.056164 0.419055 2.520898 1.000000
-0.296352 0.447715 2.589719 0.000000
-0.134176 0.251890 2.702804 0.000000
-0.324357 0.056645 2.682735 0.000000
-0.076070 0.096169 2.446480 1.000000
-0.109410 0.074252 2.659675 0.000000
-0.431078 0.080356 2.721429 0.738462
0.071622 0.181677 2.505279 1.000000
-0.443967 -0.213378 2.690849 1.000000
-0.058065 0.172418 2.241272 1.000000
-0.439375 -0.291064 2.663623 0.963942
-0.076377 0.233665 2.189206 0.442308
-0.330920 -0.510526 2.660371 1.000000
-0.081339 -0.493395 2.604473 1.000000
0.000783 -0.819409 2.594587 1.000000
-0.004538 -0.925163 2.736540 0.359856
-0.144104 -0.980446 2.620155 0.000000
-0.162010 -0.994225 2.602333 0.000000
-0.218935 0.649833 2.487598 1.000000
-0.366486 0.341586 2.820508 0.894231
-0.061113 0.424745 2.538359 1.000000
-0.299868 0.460190 2.608982 0.038462
-0.143331 0.258029 2.718820 0.000000
-0.336344 0.058072 2.698060 0.000000
-0.088575 0.116238 2.465138 1.000000
-0.121635 0.079860 2.676391 0.000000
-0.437292 0.105776 2.717193 0.846154
0.069241 0.193046 2.526185 1.000000
-0.446218 -0.177829 2.652699 1.000000
-0.052458 0.163474 2.264596 1.000000
-0.478960 -0.252409 2.639925 1.000000
-0.067083 0.224700 2.211352 0.341346
-0.334013 -0.504207 2.664497 1.000000
-0.074570 -0.474960 2.613786 1.000000
0.031905 -0.762725 2.569435 1.000000
-0.007030 -0.910623 2.737884 0.291106
-0.085724 -0.942714 2.606125 0.000000
-0.163924 -0.974136 2.600301 0.000000
-0.209133 0.651063 2.497126 1.000000
-0.369274 0.345036 2.829468 0.923077
-0.060607 0.421741 2.549080 1.000000
-0.299027 0.462034 2.618222 0.028846
-0.147227 0.256916 2.729218 0.000000
-0.336097 0.050318 2.709258 0.000000
-0.097029 0.126328 2.472418 1.000000
-0.122597 0.077261 2.682138 0.000000
-0.441562 0.120590 2.704699 0.876923
0.074786 0.192751 2.548879 1.000000
-0.448263 -0.164146 2.646363 1.000000
-0.034999 0.149957 2.283997 1.000000
-0.477665 -0.230521 2.607280 1.000000
-0.054602 0.209361 2.230291 0.475962
-0.314737 -0.507780 2.670464 1.000000
-0.074243 -0.466017 2.621644 1.000000
-0.001941 -0.827361 2.571516 1.000000
-0.031163 -0.905232 2.744112 0.644231
-0.152637 -0.982904 2.597508 0.000000
-0.204208 -0.956375 2.621562 0.000000
-0.201173 0.640957 2.496886 1.000000
-0.374349 0.343464 2.835714 0.807692
-0.057392 0.420286 2.564766 1.000000
-0.296818 0.463252 2.628620 0.038462
-0.151269 0.253551 2.739427 0.000000
-0.348395 0.054492 2.708695 0.000000
-0.092261 0.123630 2.488149 1.000000
-0.132657 0.072149 2.694939 0.000000
-0.438621 0.123641 2.695661 0.938462
0.076836 0.188591 2.562926 1.000000
-0.451891 -0.163030 2.638796 1.000000
-0.023664 0.150577 2.291610 1.000000
-0.467512 -0.222744 2.584136 1.000000
-0.037688 0.210570 2.236823 0.576923
-0.323772 -0.505418 2.676995 1.000000
-0.067783 -0.463399 2.635008 1.000000
-0.017510 -0.822229 2.552100 1.000000
-0.038930 -0.906853 2.745826 0.266106
-0.165362 -0.978813 2.586740 0.000000
-0.184242 -0.955128 2.590480 0.000000
-0.198894 0.640785 2.510970 1.000000
-0.388046 0.335749 2.835584 0.692308
-0.064533 0.417063 2.573852 1.000000
-0.307708 0.452078 2.627591 0.278846
-0.158095 0.252155 2.750407 0.000000
-0.346714 0.044249 2.720181 0.000000
-0.098364 0.129018 2.496212 1.000000
-0.132251 0.071430 2.702560 0.000000
-0.441573 0.118351 2.683478 0.876923
0.079156 0.188702 2.586193 1.000000
-0.446135 -0.172557 2.634882 1.000000
-0.017317 0.160745 2.309521 1.000000
-0.449251 -0.239726 2.587175 1.000000
-0.045982 0.195634 2.240540 0.173077
-0.327314 -0.508453 2.685479 1.000000
-0.063719 -0.460040 2.644214 1.000000
-0.034640 -0.805093 2.495451 1.000000
-0.054411 -0.905785 2.749040 0.041106
-0.163372 -0.970605 2.555553 0.000000
-0.214249 -0.942919 2.605334 0.000000
-0.200360 0.636158 2.514919 1.000000
-0.393571 0.323806 2.835041 0.759615
-0.068710 0.403552 2.574499 1.000000
-0.312233 0.438626 2.626598 0.024038
-0.163026 0.239890 2.751811 0.000000
-0.357454 0.034299 2.715330 0.000000
-0.094045 0.116507 2.508249 1.000000
-0.142113 0.060020 2.712070 0.000000
-0.444912 0.110866 2.673830 0.876923
0.086550 0.181969 2.596351 1.000000
-0.437875 -0.182291 2.630742 1.000000
-0.008323 0.172422 2.316322 1.000000
-0.436528 -0.255059 2.592007 1.000000
-0.038696 0.176472 2.239781 0.000000
-0.299821 -0.523545 2.685193 1.000000
-0.060123 -0.471375 2.653084 1.000000
-0.041664 -0.843813 2.483830 1.000000
-0.066122 -0.920575 2.742229 0.644231
-0.189092 -0.995723 2.536433 0.000000
-0.205236 -0.951490 2.577092 0.000000
-0.196068 0.629373 2.521567 1.000000
-0.406638 0.317042 2.827894 0.326923
-0.073380 0.398678 2.578795 1.000000
-0.319670 0.428595 2.619951 0.000000
-0.170773 0.237173 2.756420 0.000000
-0.361864 0.028135 2.718539 0.000000
-0.092419 0.103993 2.516870 1.000000
-0.145878 0.047966 2.719471 0.000000
-0.447238 0.096319 2.672201 0.815385
0.092811 0.187433 2.624674 1.000000
-0.438134 -0.198943 2.635538 1.000000
0.005322 0.151978 2.342916 1.000000
-0.409816 -0.272010 2.609911 1.000000
-0.019687 0.177132 2.268490 0.139423
-0.307468 -0.531994 2.687465 1.000000
-0.056616 -0.480231 2.661448 1.000000
-0.036564 -0.833652 2.474443 1.000000
-0.077220 -0.930963 2.740064 0.584856
-0.169375 -0.995721 2.535049 0.000000
-0.200775 -0.956354 2.562109 0.000000
-0.202451 0.636077 2.532884 1.000000
-0.403748 0.313983 2.822446 0.576923
-0.064123 0.393108 2.581263 1.000000
-0.311297 0.423879 2.615992 0.000000
-0.166357 0.233073 2.757493 0.000000
-0.352044 0.029315 2.722466 0.000000
-0.081575 0.094346 2.518401 1.000000
-0.135455 0.040823 2.721566 0.000000
-0.435981 0.084586 2.678712 0.953846
0.095790 0.178609 2.631552 1.000000
-0.432395 -0.208929 2.632859 1.000000
0.022834 0.177774 2.343986 1.000000
-0.417626 -0.289853 2.638389 0.795673
-0.004757 0.189324 2.267157 0.000000
-0.322954 -0.533135 2.684378 1.000000
-0.054295 -0.487303 2.665668 1.000000
-0.058840 -0.804052 2.426287 1.000000
-0.075884 -0.941592 2.719696 0.222356
-0.167752 -0.978798 2.498262 0.000000
-0.199397 -0.957025 2.540574 0.000000
-0.185619 0.639316 2.542784 1.000000
