-0.264544 0.332973 2.676983 1.000000
0.066968 0.318078 2.687098 1.000000
-0.094589 0.344924 2.573005 0.000000
-0.107277 0.213434 2.795209 0.000000
-0.288644 -0.025193 2.708421 0.509615
0.090769 -0.046011 2.747627 1.000000
-0.109013 -0.014420 2.836771 0.000000
-0.331990 0.055135 2.738817 1.000000
0.135209 0.036196 2.725199 1.000000
-0.336680 -0.246745 2.747170 1.000000
0.167420 -0.263617 2.707932 1.000000
-0.361866 -0.298554 2.771907 0.088942
0.176731 -0.325357 2.702280 0.442308
-0.237725 -0.573331 2.775284 1.000000
-0.006767 -0.585594 2.769097 1.000000
-0.292337 -1.010618 2.809371 1.000000
-0.007701 -1.023674 2.827824 1.000000
-0.277767 -1.023979 2.661310 0.000000
0.009084 -1.043431 2.680716 0.000000
-0.081390 0.569402 2.490589 1.000000
-0.291639 0.333775 2.681488 1.000000
0.039631 0.327648 2.702626 1.000000
-0.118684 0.352260 2.583591 0.000000
-0.135189 0.216326 2.802852 0.000000
-0.302990 -0.032105 2.706460 0.634615
0.075976 -0.030643 2.754490 1.000000
-0.127354 -0.011949 2.839136 0.000000
-0.349342 0.054301 2.745102 1.000000
0.116488 0.046433 2.724825 1.000000
-0.352434 -0.247427 2.754261 1.000000
0.144891 -0.251450 2.684915 1.000000
-0.329093 -0.292594 2.717577 0.509615
0.145230 -0.305038 2.652377 0.391827
-0.249070 -0.573831 2.773264 1.000000
-0.021272 -0.577843 2.762364 1.000000
-0.292650 -1.012702 2.802534 1.000000
-0.009420 -1.015084 2.825955 1.000000
-0.273814 -1.024424 2.654815 0.000000
0.009994 -1.035884 2.679315 0.000000
-0.103241 0.581631 2.498968 1.000000
-0.322389 0.336454 2.700176 1.000000
0.009401 0.339169 2.711682 1.000000
-0.153011 0.366094 2.598828 0.000000
-0.159102 0.216707 2.809711 0.000000
-0.329445 -0.032426 2.715865 0.548077
0.050577 -0.024857 2.753942 1.000000
-0.150737 -0.009561 2.843919 0.000000
-0.376429 0.053411 2.749084 1.000000
0.089415 0.058237 2.721695 1.000000
-0.379504 -0.248018 2.763396 1.000000
0.104276 -0.233780 2.647005 1.000000
-0.356047 -0.298031 2.733748 0.576923
0.116053 -0.288684 2.619123 0.627404
-0.267519 -0.573654 2.770026 1.000000
-0.038129 -0.573143 2.741927 1.000000
-0.292721 -1.013721 2.802734 1.000000
-0.016889 -1.007938 2.818517 1.000000
-0.278554 -1.025550 2.654504 0.000000
-0.001111 -1.032959 2.672101 0.000000
-0.139692 0.596439 2.519613 1.000000
-0.335404 0.331109 2.713627 1.000000
-0.003655 0.342092 2.720371 1.000000
-0.168472 0.369603 2.611205 0.000000
-0.167374 0.211065 2.815386 0.000000
-0.340971 -0.032308 2.724037 0.548077
0.040166 -0.021692 2.747397 0.971154
-0.157633 -0.008122 2.845113 0.000000
-0.387445 0.047500 2.756188 1.000000
0.076524 0.061870 2.719330 1.000000
-0.383934 -0.253421 2.753800 1.000000
0.089949 -0.229564 2.645456 1.000000
-0.396375 -0.308990 2.780025 0.576923
0.086517 -0.289830 2.628525 0.492788
-0.264854 -0.573984 2.772427 1.000000
-0.040917 -0.570257 2.734929 1.000000
-0.291297 -1.014008 2.804729 1.000000
-0.026521 -1.006140 2.806782 1.000000
-0.282422 -1.025456 2.656058 0.000000
-0.014752 -1.029982 2.659793 0.000000
-0.163460 0.606703 2.545622 1.000000
-0.346785 0.337364 2.721047 1.000000
-0.014852 0.342801 2.717252 1.000000
-0.182569 0.373146 2.613383 0.000000
-0.177637 0.214451 2.817387 0.000000
-0.348681 -0.036025 2.732906 0.548077
0.032869 -0.017739 2.735897 1.000000
-0.159609 -0.009305 2.844239 0.000000
-0.397318 0.052487 2.757588 1.000000
0.069302 0.063587 2.718427 1.000000
-0.396626 -0.248620 2.756814 1.000000
0.082002 -0.226950 2.640367 1.000000
-0.400474 -0.305503 2.782890 0.610577
0.072262 -0.285944 2.621517 0.408654
-0.260516 -0.576315 2.772454 1.000000
-0.039839 -0.568843 2.740029 1.000000
-0.292815 -1.015608 2.809083 1.000000
-0.044630 -1.006867 2.798991 1.000000
-0.291684 -1.028103 2.660235 0.000000
-0.039081 -1.026840 2.651061 0.000000
-0.178956 0.612512 2.549114 1.000000
-0.347552 0.326544 2.736914 1.000000
-0.016849 0.344814 2.713988 1.000000
-0.191427 0.371657 2.621032 0.000000
-0.168605 0.207509 2.819427 0.000000
-0.354780 -0.036560 2.744994 0.778846
0.026180 -0.023086 2.720245 0.971154
-0.157741 -0.013507 2.842469 0.000000
-0.401164 0.039623 2.754554 1.000000
0.064971 0.064095 2.710602 1.000000
-0.398479 -0.261414 2.731473 1.000000
0.069140 -0.228859 2.637640 1.000000
-0.386908 -0.321765 2.743894 0.778846
0.044327 -0.282800 2.657768 0.846154
-0.263704 -0.578276 2.783365 1.000000
-0.051989 -0.573555 2.752481 1.000000
-0.291362 -1.018295 2.814709 1.000000
-0.050857 -1.012569 2.803759 1.000000
-0.300748 -1.028301 2.665966 0.000000
-0.058073 -1.029896 2.655568 0.000000
-0.187536 0.616832 2.566170 1.000000
-0.339768 0.324089 2.736428 1.000000
-0.010356 0.349107 2.703477 1.000000
-0.188074 0.369674 2.614979 0.000000
-0.155865 0.211212 2.816667 0.000000
-0.356836 -0.038056 2.748839 0.653846
0.023699 -0.024802 2.718159 1.000000
-0.158489 -0.010983 2.842553 0.000000
-0.397636 0.036703 2.746540 1.000000
0.066182 0.065946 2.701633 1.000000
-0.398066 -0.264881 2.718663 1.000000
0.076419 -0.225806 2.620970 1.000000
-0.379592 -0.324742 2.716246 0.644231
0.060943 -0.282680 2.599609 0.610577
-0.263405 -0.579479 2.785640 1.000000
-0.053946 -0.574452 2.758419 1.000000
-0.291377 -1.019445 2.817433 1.000000
-0.050491 -1.013284 2.811127 1.000000
-0.303200 -1.029430 2.668862 0.000000
-0.060146 -1.031135 2.663137 0.000000
-0.189660 0.625599 2.566050 1.000000
-0.339703 0.323799 2.733561 1.000000
-0.012148 0.342603 2.682791 1.000000
-0.193916 0.361088 2.602433 0.000000
-0.153205 0.212628 2.810106 0.000000
-0.360213 -0.037411 2.762293 1.000000
0.019530 -0.024442 2.722914 1.000000
-0.159896 -0.007854 2.850930 0.000000
-0.397988 0.035589 2.732684 1.000000
0.071565 0.060778 2.677351 1.000000
-0.407122 -0.266906 2.708320 1.000000
0.078225 -0.233265 2.602021 1.000000
-0.387158 -0.318302 2.678480 0.425481
0.064566 -0.290598 2.580649 0.711538
-0.263456 -0.578779 2.794587 1.000000
-0.048131 -0.572696 2.769732 1.000000
-0.288680 -1.019520 2.816381 1.000000
-0.049544 -1.012905 2.809461 1.000000
-0.303862 -1.025992 2.667921 0.000000
-0.062314 -1.026241 2.661232 0.000000
-0.189308 0.620858 2.552058 0.956731
-0.336338 0.318490 2.698095 1.000000
-0.005881 0.325659 2.666939 1.000000
-0.181734 0.336512 2.573149 0.000000
-0.157702 0.215161 2.800134 0.000000
-0.353863 -0.033106 2.790674 0.634615
0.022982 -0.029469 2.728233 0.557692
-0.147900 -0.007474 2.866698 0.000000
-0.393556 0.028852 2.711302 1.000000
0.071485 0.041926 2.637802 1.000000
-0.403772 -0.268671 2.644297 1.000000
0.066428 -0.253073 2.559931 1.000000
-0.394630 -0.330442 2.638707 0.543269
0.058714 -0.314945 2.553386 1.000000
-0.263385 -0.576880 2.817527 1.000000
-0.040711 -0.573611 2.799898 1.000000
-0.291068 -1.017908 2.807942 1.000000
-0.052244 -1.014960 2.820924 1.000000
-0.314814 -1.013214 2.660542 0.000000
-0.074682 -1.021402 2.673384 0.000000
-0.181927 0.603065 2.510978 1.000000
-0.333142 0.300867 2.676925 1.000000
-0.002763 0.309151 2.645216 1.000000
-0.178600 0.307491 2.550783 0.000000
-0.153284 0.211516 2.789475 0.000000
-0.350565 -0.032919 2.786698 0.653846
0.030374 -0.038163 2.758725 0.451923
-0.151822 -0.008535 2.880314 0.000000
-0.389845 0.009781 2.678667 1.000000
0.065651 0.021792 2.618880 1.000000
-0.402365 -0.291344 2.624523 1.000000
0.061056 -0.271505 2.531014 1.000000
-0.398897 -0.353923 2.626019 0.677885
0.056943 -0.332020 2.515155 1.000000
-0.263085 -0.577933 2.838267 1.000000
-0.040556 -0.578480 2.831127 1.000000
-0.290552 -1.017873 2.805675 1.000000
-0.049236 -1.020112 2.815336 1.000000
-0.300354 -1.006252 2.657076 0.000000
-0.059318 -1.014589 2.666404 0.000000
-0.179271 0.585401 2.490443 0.971154
-0.335102 0.281272 2.653096 1.000000
-0.005715 0.284229 2.611631 1.000000
-0.184054 0.270299 2.523086 0.000000
-0.152179 0.207471 2.771807 0.000000
-0.344725 -0.033061 2.798759 1.000000
0.035322 -0.053687 2.766167 0.326923
-0.143735 -0.005938 2.886648 0.000000
-0.391460 -0.010737 2.652525 1.000000
0.061171 -0.004485 2.586797 1.000000
-0.402745 -0.312384 2.596179 1.000000
0.051119 -0.299320 2.501564 1.000000
-0.412455 -0.374157 2.600698 0.778846
0.046238 -0.361417 2.494452 0.947115
-0.258301 -0.579816 2.854700 1.000000
-0.034843 -0.586157 2.845013 1.000000
-0.291095 -1.017853 2.805592 1.000000
-0.050725 -1.026737 2.813381 1.000000
-0.302542 -1.000414 2.657681 0.000000
-0.062383 -1.015655 2.664875 0.000000
-0.176085 0.553208 2.438055 1.000000
-0.331570 0.235966 2.604494 1.000000
-0.000529 0.245329 2.581068 1.000000
-0.172829 0.212624 2.485770 0.000000
-0.153935 0.186219 2.742229 0.000000
-0.342267 -0.050208 2.800081 0.548077
0.039416 -0.063612 2.792152 0.153846
-0.147562 -0.005086 2.894481 0.000000
-0.384594 -0.057648 2.604732 1.000000
0.048887 -0.047926 2.556979 1.000000
-0.397788 -0.361639 2.556544 1.000000
0.039681 -0.344413 2.473809 1.000000
-0.421611 -0.419629 2.556203 0.980769
0.033743 -0.405019 2.458903 0.980769
-0.262151 -0.588472 2.872399 1.000000
-0.040277 -0.593922 2.857486 1.000000
-0.289920 -1.024302 2.804245 1.000000
-0.046095 -1.034089 2.817700 1.000000
-0.291404 -1.001132 2.656685 0.000000
-0.048615 -1.020611 2.668956 0.000000
-0.178993 0.484704 2.365927 1.000000
-0.333177 0.202634 2.579464 1.000000
-0.002081 0.219145 2.561386 1.000000
-0.171555 0.174922 2.465670 0.000000
-0.157118 0.167913 2.723678 0.000000
-0.343357 -0.063136 2.798182 0.750000
0.038465 -0.073217 2.804006 0.105769
-0.152279 -0.007846 2.894562 0.000000
-0.380188 -0.092459 2.574399 1.000000
0.040096 -0.075934 2.539823 1.000000
-0.393703 -0.396817 2.525366 1.000000
0.034497 -0.374383 2.461610 1.000000
-0.416501 -0.455218 2.525253 0.980769
0.023559 -0.432325 2.440312 1.000000
-0.262289 -0.595971 2.876730 1.000000
-0.041468 -0.599742 2.866318 1.000000
-0.289666 -1.031273 2.805128 1.000000
-0.044392 -1.038494 2.812915 1.000000
-0.285607 -1.007286 2.657748 0.000000
-0.041509 -1.020468 2.664660 0.000000
-0.174838 0.442897 2.331305 1.000000
-0.331764 0.154398 2.551507 1.000000
-0.000255 0.155118 2.533480 1.000000
-0.171327 0.106665 2.442786 0.000000
-0.157399 0.130096 2.699852 0.000000
-0.340446 -0.078623 2.801837 0.528846
0.040443 -0.105307 2.813487 0.000000
-0.147770 -0.022262 2.894338 0.000000
-0.372538 -0.141993 2.539422 1.000000
0.034214 -0.141151 2.507157 1.000000
-0.375137 -0.446812 2.487820 1.000000
0.020290 -0.445092 2.452293 1.000000
-0.397611 -0.504766 2.479647 1.000000
0.026980 -0.506872 2.460598 1.000000
-0.267376 -0.609487 2.885971 1.000000
-0.049898 -0.620440 2.882152 1.000000
-0.286031 -1.041728 2.795510 1.000000
-0.046295 -1.054113 2.796840 1.000000
-0.280215 -1.011393 2.649363 0.000000
-0.041730 -1.025258 2.650350 0.000000
-0.172388 0.364332 2.282768 1.000000
-0.336517 0.126154 2.533217 1.000000
-0.004858 0.129998 2.518662 1.000000
-0.174414 0.077148 2.427577 0.000000
-0.163517 0.107936 2.684012 0.000000
-0.357753 -0.101217 2.800538 0.115385
0.023732 -0.118279 2.810630 0.000000
-0.165788 -0.034148 2.887188 0.000000
-0.365734 -0.171855 2.520256 1.000000
0.027895 -0.167287 2.499177 1.000000
-0.364988 -0.479052 2.482848 1.000000
0.011655 -0.470458 2.439224 1.000000
-0.381168 -0.539478 2.478672 1.000000
0.001672 -0.532319 2.441231 1.000000
-0.267155 -0.625308 2.889480 1.000000
-0.062264 -0.631265 2.891677 0.842308
-0.285446 -1.054734 2.786417 1.000000
-0.048400 -1.060954 2.789016 1.000000
-0.279865 -1.020123 2.641214 0.000000
-0.045508 -1.026161 2.643779 0.000000
-0.171270 0.329287 2.259093 1.000000
-0.337023 0.090823 2.516626 1.000000
-0.005538 0.099273 2.500201 1.000000
-0.174638 0.039960 2.412305 0.000000
-0.163075 0.081716 2.667155 0.000000
-0.366117 -0.130773 2.804982 0.048077
0.015764 -0.139199 2.809451 0.000000
-0.174275 -0.053787 2.883256 0.000000
-0.364910 -0.207657 2.506401 1.000000
0.023476 -0.199097 2.489902 1.000000
-0.357792 -0.515880 2.476917 1.000000
0.003210 -0.503709 2.437730 1.000000
-0.363658 -0.577808 2.469110 1.000000
-0.004113 -0.565837 2.441848 1.000000
-0.268996 -0.647208 2.892452 1.000000
-0.086015 -0.650611 2.883650 0.776923
-0.287109 -1.075145 2.783337 1.000000
-0.030508 -1.077656 2.784073 1.000000
-0.283653 -1.038385 2.638597 0.000000
-0.033353 -1.044092 2.638545 0.000000
-0.175598 0.284846 2.233815 1.000000
-0.332456 0.052320 2.496757 1.000000
-0.000691 0.047384 2.485258 1.000000
-0.170670 -0.012927 2.399768 0.000000
-0.161052 0.049562 2.650424 0.000000
-0.370238 -0.165627 2.808314 0.000000
0.010661 -0.190223 2.792988 0.000000
-0.171399 -0.090732 2.869230 0.000000
-0.360362 -0.246433 2.486577 1.000000
0.011756 -0.252433 2.475716 1.000000
-0.349441 -0.555087 2.459943 1.000000
-0.012166 -0.558345 2.431655 1.000000
-0.352748 -0.617532 2.464428 1.000000
-0.021897 -0.619843 2.438987 1.000000
-0.266716 -0.680034 2.888273 1.000000
-0.095866 -0.689901 2.883628 0.630769
-0.291725 -1.105411 2.770829 1.000000
-0.031719 -1.113483 2.774871 1.000000
-0.295302 -1.065473 2.626937 0.000000
-0.044717 -1.078325 2.630276 0.038462
-0.180956 0.216785 2.207576 1.000000
-0.329198 0.013964 2.484857 1.000000
0.002556 0.008203 2.473447 1.000000
-0.167468 -0.060782 2.394885 0.000000
-0.157586 0.027256 2.637738 0.000000
-0.374712 -0.204131 2.796031 0.000000
0.006752 -0.217877 2.781198 0.000000
-0.178231 -0.119582 2.851742 0.000000
-0.359366 -0.284828 2.479122 1.000000
0.003327 -0.292146 2.470268 1.000000
-0.342643 -0.593566 2.454914 1.000000
-0.020588 -0.598542 2.428625 1.000000
-0.337860 -0.655284 2.444995 1.000000
-0.026861 -0.660479 2.436040 1.000000
-0.269146 -0.709893 2.889257 1.000000
-0.094469 -0.715117 2.891207 0.523077
-0.297574 -1.129907 2.754557 1.000000
-0.027784 -1.134125 2.767313 1.000000
-0.300282 -1.084131 2.612394 0.000000
-0.043291 -1.094274 2.624190 0.000000
-0.194806 0.159778 2.195203 1.000000
-0.334602 -0.035193 2.476602 1.000000
-0.002681 -0.040028 2.481968 1.000000
-0.168765 -0.123637 2.409413 0.000000
-0.170464 0.007184 2.632367 0.000000
-0.376274 -0.228919 2.791434 0.240385
0.005364 -0.241153 2.780155 0.000000
-0.180683 -0.141449 2.845751 0.000000
-0.360414 -0.334561 2.476043 1.000000
-0.004931 -0.340347 2.472449 1.000000
-0.336080 -0.643312 2.457672 1.000000
-0.032781 -0.646757 2.432517 1.000000
-0.342359 -0.705489 2.462682 1.000000
-0.034165 -0.707918 2.446224 1.000000
-0.266389 -0.731018 2.893984 1.000000
-0.081972 -0.732442 2.925492 0.480769
-0.301529 -1.143236 2.738405 1.000000
-0.034336 -1.133653 2.746257 0.822356
-0.300662 -1.090556 2.598630 0.000000
-0.053133 -1.075075 2.610139 0.000000
-0.201290 0.088001 2.194817 1.000000
-0.334809 -0.103567 2.494989 1.000000
-0.003462 -0.097575 2.475053 1.000000
-0.170318 -0.199746 2.435568 0.000000
-0.162138 -0.023501 2.624503 0.000000
-0.376786 -0.263696 2.816622 0.028846
0.001698 -0.247990 2.767357 0.000000
-0.184109 -0.160282 2.848843 0.000000
-0.354315 -0.403163 2.479892 1.000000
-0.012661 -0.398042 2.474370 1.000000
-0.335754 -0.712525 2.462832 1.000000
-0.046175 -0.704564 2.438850 1.000000
-0.343021 -0.774601 2.467764 1.000000
-0.042047 -0.766684 2.446240 1.000000
-0.272582 -0.753918 2.892580 1.000000
-0.038137 -0.720096 3.017083 0.000000
-0.306967 -1.164420 2.732363 1.000000
-0.069799 -1.073979 2.754160 0.781731
-0.323390 -1.109247 2.594525 0.000000
-0.034780 -1.162586 2.869205 0.000000
-0.215905 -0.005137 2.197630 1.000000
-0.335958 -0.133998 2.498582 1.000000
-0.005599 -0.122439 2.473588 1.000000
-0.170795 -0.229947 2.442105 0.000000
-0.163774 -0.043567 2.621100 0.000000
-0.378260 -0.277840 2.832603 0.048077
-0.002007 -0.264813 2.767889 0.000000
-0.183457 -0.176563 2.858138 0.000000
-0.350474 -0.433465 2.475894 1.000000
-0.017286 -0.422860 2.477658 1.000000
-0.331359 -0.743281 2.470244 1.000000
-0.050640 -0.729509 2.442482 1.000000
-0.340400 -0.805263 2.467599 1.000000
-0.040187 -0.789324 2.458082 1.000000
-0.275086 -0.769793 2.890134 1.000000
0.003518 -0.669214 3.133885 0.000000
-0.306142 -1.176040 2.718778 1.000000
-0.133548 -1.079011 3.040917 0.209856
-0.329944 -1.117187 2.583564 0.000000
-0.047863 -1.132622 3.150903 0.000000
-0.212074 -0.030744 2.201764 1.000000
-0.340716 -0.140564 2.466674 1.000000
-0.014793 -0.152180 2.503461 1.000000
-0.176059 -0.250188 2.446299 0.000000
-0.188201 -0.055105 2.615475 0.000000
-0.369054 -0.282852 2.818341 0.000000
0.009699 -0.300793 2.771989 0.000000
-0.167579 -0.201584 2.859092 0.000000
-0.348962 -0.440934 2.478861 1.000000
-0.018869 -0.451660 2.476379 1.000000
-0.332315 -0.750996 2.480243 1.000000
-0.052275 -0.758118 2.439160 1.000000
-0.339709 -0.813212 2.477990 1.000000
-0.035502 -0.817333 2.451109 1.000000
-0.273927 -0.790724 2.881591 1.000000
0.041192 -0.564595 3.238350 0.000000
-0.302662 -1.201002 2.719695 1.000000
-0.101709 -0.932222 3.437833 0.000000
-0.318483 -1.145524 2.581910 0.000000
0.039545 -0.971981 3.465750 0.000000
-0.195190 -0.028092 2.202036 1.000000
-0.342215 -0.147028 2.466155 1.000000
-0.011227 -0.148355 2.486418 1.000000
-0.173917 -0.246994 2.427155 0.000000
-0.184740 -0.070295 2.615533 0.086538
-0.388051 -0.308693 2.816556 0.000000
-0.008569 -0.306959 2.772795 0.000000
-0.191607 -0.215553 2.856456 0.000000
-0.346251 -0.443411 2.482482 1.000000
-0.024908 -0.444336 2.468138 1.000000
-0.332263 -0.749589 2.478984 1.000000
-0.058343 -0.747573 2.438432 1.000000
-0.329775 -0.812230 2.479604 1.000000
-0.053868 -0.808993 2.450182 1.000000
-0.264489 -0.808888 2.886084 1.000000
0.021401 -0.585344 3.234736 0.000000
-0.322856 -1.206622 2.702333 1.000000
-0.105835 -0.929969 3.480518 0.000000
-0.330920 -1.143093 2.567382 0.000000
0.001707 -1.013481 3.419093 0.000000
-0.232144 -0.085649 2.205475 1.000000
-0.340078 -0.138938 2.462709 1.000000
-0.009323 -0.148143 2.486739 1.000000
-0.173882 -0.243498 2.426864 0.000000
-0.182407 -0.064201 2.612890 0.000000
-0.382285 -0.296907 2.816656 0.000000
-0.003825 -0.304591 2.765346 0.096154
-0.182502 -0.210607 2.855338 0.000000
-0.345082 -0.432712 2.484074 1.000000
-0.025954 -0.441798 2.470161 1.000000
-0.326962 -0.736288 2.478043 1.000000
-0.063447 -0.740651 2.427693 1.000000
-0.333180 -0.798665 2.478992 1.000000
-0.062461 -0.802716 2.436495 1.000000
-0.260752 -0.802869 2.883876 1.000000
0.023159 -0.572747 3.234818 0.000000
-0.326308 -1.200450 2.702228 1.000000
-0.102733 -0.921987 3.474707 0.000000
-0.336229 -1.137161 2.567287 0.000000
0.011113 -1.001164 3.419183 0.000000
-0.230148 -0.064975 2.216287 0.730769
-0.335583 -0.116143 2.471977 1.000000
-0.005797 -0.132154 2.484699 1.000000
-0.172956 -0.224493 2.431336 0.000000
-0.171302 -0.043650 2.616048 0.187500
-0.382558 -0.280625 2.806160 0.000000
-0.003215 -0.297524 2.764476 0.000000
-0.181450 -0.202568 2.854325 0.000000
-0.341293 -0.411623 2.484555 1.000000
-0.026359 -0.426536 2.464316 1.000000
-0.317220 -0.716076 2.480954 1.000000
-0.066316 -0.727140 2.427919 1.000000
-0.322583 -0.778415 2.477015 1.000000
-0.059015 -0.789377 2.425992 1.000000
-0.261665 -0.793717 2.888750 1.000000
0.019584 -0.582149 3.219214 0.000000
-0.316653 -1.197959 2.718667 1.000000
-0.102592 -0.922370 3.473549 0.000000
-0.324216 -1.139230 2.581529 0.000000
-0.016513 -1.013776 3.392627 0.000000
-0.236531 -0.038646 2.225295 1.000000
-0.344397 -0.083006 2.500978 1.000000
-0.013191 -0.082240 2.484355 1.000000
-0.181069 -0.179723 2.439288 0.000000
-0.171629 -0.011280 2.635154 0.000000
-0.380151 -0.260562 2.822403 0.000000
-0.003485 -0.255614 2.758984 0.000000
-0.181300 -0.171630 2.859907 0.000000
-0.347509 -0.380094 2.493417 1.000000
-0.019582 -0.379064 2.470840 1.000000
-0.319803 -0.685355 2.478719 1.000000
-0.063147 -0.679433 2.425579 1.000000
-0.324271 -0.747810 2.481854 1.000000
-0.042756 -0.737438 2.437832 1.000000
-0.259104 -0.767385 2.890008 1.000000
0.027079 -0.560163 3.211022 0.000000
-0.325677 -1.166741 2.712676 1.000000
-0.094498 -0.904535 3.460001 0.000000
-0.341009 -1.104312 2.577841 0.000000
-0.013095 -0.995510 3.373920 0.000000
-0.217606 0.045369 2.243387 1.000000
-0.340051 -0.047361 2.514556 1.000000
-0.009413 -0.039972 2.485438 1.000000
-0.178870 -0.130310 2.431015 0.000000
-0.162361 0.002506 2.652178 0.014423
-0.373697 -0.243878 2.812001 0.298077
0.006048 -0.252658 2.771490 0.019231
-0.174412 -0.161926 2.861262 0.000000
-0.357690 -0.343748 2.490131 1.000000
-0.012810 -0.337846 2.481917 1.000000
-0.314385 -0.648290 2.489680 1.000000
-0.056246 -0.637848 2.429637 1.000000
-0.318271 -0.710756 2.493329 1.000000
-0.054371 -0.700188 2.423256 1.000000
-0.257177 -0.754919 2.890091 1.000000
0.032943 -0.567578 3.205596 0.000000
-0.315639 -1.164191 2.733749 1.000000
-0.093885 -0.905451 3.460784 0.000000
-0.323474 -1.109985 2.594777 0.000000
-0.014823 -0.999386 3.375706 0.000000
-0.227720 0.108416 2.254016 1.000000
-0.334402 -0.011022 2.531368 1.000000
-0.006374 0.011236 2.485258 1.000000
-0.177406 -0.071352 2.423890 0.000000
-0.149334 0.015764 2.665652 0.000000
-0.385625 -0.270384 2.817044 0.000000
-0.005961 -0.258493 2.776572 0.000000
-0.190799 -0.179590 2.868585 0.000000
-0.359531 -0.306909 2.501072 1.000000
-0.003710 -0.287213 2.489650 1.000000
-0.313473 -0.611592 2.495072 1.000000
-0.052057 -0.588137 2.443866 1.000000
-0.312498 -0.674261 2.493641 1.000000
-0.052693 -0.649060 2.429086 1.000000
-0.267325 -0.776964 2.888069 1.000000
0.043524 -0.585142 3.197788 0.000000
-0.310070 -1.189716 2.735845 1.000000
-0.094908 -0.909275 3.464507 0.000000
-0.321053 -1.137169 2.596450 0.000000
0.006421 -1.001504 3.405016 0.000000
-0.213982 0.172332 2.266075 1.000000
-0.348226 0.080228 2.538842 1.000000
-0.016744 0.089715 2.522915 1.000000
-0.185600 0.031194 2.434023 0.000000
-0.174423 0.069493 2.689432 0.000000
-0.397362 -0.204570 2.810541 0.144231
-0.015732 -0.214005 2.796631 0.000000
-0.201744 -0.130311 2.881789 0.000000
-0.374258 -0.217502 2.535382 1.000000
0.013214 -0.207273 2.507629 1.000000
-0.313057 -0.519417 2.516898 1.000000
-0.037746 -0.509366 2.470446 1.000000
-0.314419 -0.579210 2.535697 0.576923
-0.041815 -0.571794 2.466360 1.000000
-0.263641 -0.723474 2.884082 1.000000
0.015852 -0.595140 3.157873 0.000000
-0.302753 -1.145838 2.759810 1.000000
-0.089558 -0.901812 3.458215 0.000000
-0.302642 -1.103684 2.616506 0.000000
-0.030166 -1.007588 3.371053 0.000000
-0.203682 0.290568 2.308316 1.000000
-0.349215 0.138494 2.565197 1.000000
-0.019349 0.145301 2.528240 1.000000
-0.194965 0.101758 2.443969 0.000000
-0.166252 0.105010 2.700855 0.000000
-0.392087 -0.169437 2.839324 0.346154
-0.016091 -0.144473 2.776653 0.221154
-0.195642 -0.081070 2.888898 0.000000
-0.382475 -0.157649 2.559781 1.000000
0.027358 -0.149001 2.534644 1.000000
-0.328112 -0.459708 2.537106 1.000000
-0.031061 -0.445898 2.478531 1.000000
-0.333910 -0.520376 2.551814 0.543269
-0.040965 -0.506955 2.468309 1.000000
-0.224159 -0.679349 2.885026 1.000000
-0.002529 -0.566233 3.131782 0.000000
-0.297884 -1.104166 2.787769 1.000000
-0.081832 -0.878108 3.434782 0.000000
-0.312744 -1.068551 2.643465 0.019231
-0.058256 -0.983933 3.332029 0.000000
-0.196586 0.375659 2.358934 1.000000
-0.348835 0.189249 2.577196 1.000000
-0.018754 0.196238 2.542248 1.000000
-0.194405 0.162848 2.453532 0.000000
-0.166826 0.140931 2.709627 0.000000
-0.393434 -0.112797 2.805971 0.144231
-0.012307 -0.124910 2.783171 0.230769
-0.195438 -0.052553 2.883594 0.000000
-0.391597 -0.103795 2.574809 1.000000
0.038381 -0.093996 2.556701 1.000000
-0.339141 -0.403932 2.548845 1.000000
-0.017722 -0.388967 2.498801 1.000000
-0.325202 -0.464581 2.556456 0.324519
-0.020324 -0.449939 2.484446 1.000000
-0.126619 -0.613200 2.919004 1.000000
0.028028 -0.529268 3.114788 0.000000
-0.350848 -0.980085 2.816629 1.000000
-0.070751 -0.846515 3.406269 0.000000
-0.224028 -1.058879 2.821232 0.254808
-0.012416 -0.948960 3.314536 0.000000
-0.184836 0.460122 2.396002 1.000000
-0.355233 0.268287 2.620713 1.000000
-0.025835 0.252885 2.582199 1.000000
-0.203605 0.255999 2.491498 0.000000
-0.178786 0.175590 2.735924 0.000000
-0.413377 -0.102379 2.798779 0.500000
-0.033733 -0.106067 2.756579 1.000000
-0.212379 -0.048587 2.873365 0.000000
-0.404942 -0.021273 2.610663 1.000000
0.047196 -0.031731 2.590976 1.000000
-0.365829 -0.319146 2.567391 1.000000
0.005816 -0.325108 2.525036 1.000000
-0.348435 -0.377751 2.581297 0.459135
0.002471 -0.382642 2.500354 0.778846
-0.105165 -0.591528 2.893096 1.000000
-0.006869 -0.570080 3.017997 0.000000
-0.397868 -0.916786 2.830677 1.000000
-0.062957 -0.820696 3.377733 0.000000
-0.289649 -1.017901 2.850103 0.600962
-0.016249 -0.940427 3.301603 0.000000
-0.190600 0.537474 2.460149 1.000000
-0.349408 0.290849 2.635331 1.000000
-0.019113 0.285110 2.602228 1.000000
-0.195267 0.290450 2.508528 0.000000
-0.172982 0.194483 2.747524 0.000000
-0.410564 -0.076892 2.776170 0.567308
-0.029958 -0.089001 2.745901 1.000000
-0.210800 -0.033318 2.860150 0.000000
-0.415808 0.005860 2.645374 1.000000
0.051309 0.001747 2.624033 1.000000
-0.377533 -0.287898 2.585056 1.000000
0.019604 -0.287355 2.541501 1.000000
-0.347538 -0.341442 2.572257 0.509615
0.017649 -0.349592 2.534206 0.947115
-0.131854 -0.580320 2.885724 1.000000
-0.022364 -0.568424 2.977968 0.200000
-0.392029 -0.933639 2.832440 1.000000
-0.058642 -0.802273 3.351281 0.000000
-0.273311 -1.023190 2.846564 0.427885
-0.017107 -0.925651 3.278032 0.000000
-0.181725 0.583109 2.510118 1.000000
-0.350550 0.313407 2.668427 1.000000
-0.020590 0.306489 2.632332 1.000000
-0.197289 0.322366 2.540875 0.000000
-0.174658 0.205223 2.770202 0.000000
-0.375379 -0.030701 2.759279 0.519231
0.001182 -0.089739 2.733973 1.000000
-0.173183 -0.014534 2.847101 0.000000
-0.417711 0.029058 2.671665 1.000000
0.047231 0.022661 2.647075 1.000000
-0.381615 -0.262009 2.600974 1.000000
0.035297 -0.265030 2.557011 1.000000
-0.385707 -0.317993 2.628893 0.391827
0.025826 -0.326919 2.553775 0.778846
-0.254605 -0.581527 2.858272 1.000000
-0.061312 -0.601567 2.844857 1.000000
-0.348846 -1.012066 2.824828 1.000000
-0.076216 -0.921726 3.149226 1.000000
-0.332542 -1.004117 2.676558 0.038462
-0.059655 -1.024416 3.042019 0.000000
-0.179266 0.606924 2.547470 1.000000
-0.350531 0.335325 2.688544 1.000000
-0.018840 0.334928 2.674226 1.000000
-0.189357 0.355685 2.572581 0.000000
-0.179982 0.221742 2.793481 0.000000
-0.372450 -0.034170 2.729399 0.875000
0.009292 -0.022474 2.721621 1.000000
-0.180562 0.008336 2.830540 0.000000
-0.422628 0.053802 2.715820 1.000000
0.055085 0.052586 2.678198 1.000000
-0.400629 -0.234263 2.630001 1.000000
0.059727 -0.237044 2.594991 1.000000
-0.396391 -0.293935 2.611245 0.189904
0.043809 -0.292096 2.569568 0.947115
-0.285829 -0.568950 2.816071 1.000000
-0.068639 -0.564388 2.811322 1.000000
-0.286047 -1.010949 2.816919 1.000000
-0.050099 -1.005878 2.800974 1.000000
-0.288799 -1.011234 2.667569 0.000000
-0.053465 -1.002520 2.651675 0.000000
-0.191923 0.642577 2.593234 1.000000
-0.354342 0.338424 2.703394 1.000000
-0.022683 0.339236 2.688357 1.000000
-0.193463 0.363967 2.588050 0.000000
-0.183364 0.220811 2.803061 0.000000
-0.373042 -0.033592 2.714392 0.875000
0.008631 -0.019030 2.720482 1.000000
-0.185117 0.005432 2.824020 0.000000
-0.425062 0.056403 2.733832 1.000000
0.053618 0.057482 2.704382 1.000000
-0.407469 -0.238073 2.669890 1.000000
0.066504 -0.233428 2.624884 1.000000
-0.406755 -0.292166 2.638206 0.189904
0.056670 -0.291791 2.604209 0.812500
-0.285001 -0.569140 2.801127 1.000000
-0.070011 -0.565001 2.784789 1.000000
-0.287796 -1.011074 2.808215 1.000000
-0.053157 -1.004694 2.826614 1.000000
-0.284772 -1.013488 2.658890 0.000000
-0.049948 -1.018715 2.677933 0.000000
-0.193290 0.653011 2.606016 1.000000
-0.360603 0.341812 2.722825 1.000000
-0.028801 0.343799 2.711546 1.000000
-0.198477 0.379086 2.612533 0.000000
-0.190726 0.214219 2.811491 0.000000
-0.375773 -0.021672 2.710955 0.538462
0.006213 -0.019425 2.713311 1.000000
-0.185598 0.004901 2.820428 0.000000
-0.423482 0.056750 2.742851 1.000000
0.044184 0.060497 2.716813 1.000000
-0.410070 -0.242594 2.704262 1.000000
0.081865 -0.233092 2.656301 1.000000
-0.417069 -0.292323 2.666732 0.324519
0.077188 -0.291864 2.634984 0.745192
-0.285121 -0.563516 2.786124 1.000000
-0.072805 -0.563322 2.771778 1.000000
-0.290265 -1.004675 2.812893 1.000000
-0.047967 -1.001266 2.826111 1.000000
-0.289268 -1.013734 2.663797 0.000000
-0.046240 -1.019560 2.677871 0.000000
-0.196431 0.653078 2.617483 0.783654
-0.374044 0.339954 2.740838 1.000000
-0.042298 0.344721 2.728764 1.000000
-0.212501 0.387094 2.633505 0.000000
-0.203184 0.206444 2.818178 0.000000
-0.379097 -0.022490 2.701923 0.576923
0.002642 -0.018367 2.715445 1.000000
-0.192292 -0.005292 2.818822 0.000000
-0.421145 0.050992 2.743787 1.000000
0.032683 0.061705 2.726195 1.000000
-0.436178 -0.250830 2.752284 1.000000
0.085011 -0.235845 2.715217 1.000000
-0.433961 -0.313367 2.748451 0.189904
0.107130 -0.294480 2.713467 0.509615
-0.288217 -0.565067 2.776224 1.000000
-0.080624 -0.565394 2.756760 1.000000
-0.291524 -1.005085 2.817907 1.000000
-0.047474 -1.001257 2.822250 1.000000
-0.286211 -1.019203 2.669296 0.000000
-0.041373 -1.022980 2.674589 0.000000
-0.202739 0.657549 2.645031 1.000000
-0.377399 0.330490 2.739902 1.000000
-0.045786 0.345514 2.734314 1.000000
-0.215386 0.384314 2.636492 0.000000
-0.204014 0.200930 2.818335 0.000000
-0.386372 -0.028019 2.709692 0.461538
-0.004458 -0.023034 2.703297 1.000000
-0.193684 -0.016027 2.817323 0.000000
-0.421940 0.040022 2.746636 1.000000
0.022666 0.059656 2.735312 1.000000
-0.433389 -0.262135 2.772783 1.000000
0.082484 -0.237687 2.746378 1.000000
-0.450176 -0.312486 2.806151 0.509615
0.089776 -0.299950 2.745569 0.509615
-0.288471 -0.570831 2.776133 1.000000
-0.082166 -0.570783 2.742844 1.000000
-0.294824 -1.011510 2.809678 1.000000
-0.050295 -1.007133 2.805666 1.000000
-0.296961 -1.022816 2.660747 0.000000
-0.051592 -1.028512 2.657835 0.000000
-0.216244 0.658914 2.662838 1.000000
-0.389087 0.327086 2.754130 1.000000
-0.058072 0.333628 2.729435 1.000000
-0.231952 0.378464 2.642292 0.000000
-0.214984 0.191767 2.820287 0.000000
-0.395042 -0.037462 2.708640 0.403846
-0.013448 -0.022536 2.699324 1.000000
-0.201854 -0.021897 2.814909 0.000000
-0.430908 0.035478 2.758518 1.000000
0.019572 0.049864 2.745342 1.000000
-0.444374 -0.265751 2.798793 1.000000
0.075580 -0.248396 2.766459 1.000000
-0.445294 -0.327057 2.811882 0.257212
0.094145 -0.304081 2.788483 0.442308
-0.288956 -0.577608 2.772223 1.000000
-0.080211 -0.573259 2.723871 1.000000
-0.295876 -1.017242 2.817365 1.000000
-0.053456 -1.008195 2.797887 1.000000
-0.298677 -1.032454 2.668793 0.000000
-0.054018 -1.033288 2.650636 0.000000
-0.224761 0.652870 2.673651 1.000000
-0.397504 0.321198 2.750909 1.000000
-0.066022 0.337097 2.741387 1.000000
-0.236958 0.377958 2.646783 0.000000
-0.222863 0.190101 2.823804 0.000000
-0.402972 -0.043491 2.706227 0.375000
-0.021735 -0.019364 2.706169 1.000000
-0.212635 -0.026715 2.817346 0.000000
-0.441959 0.030085 2.767269 1.000000
0.006306 0.051230 2.747688 1.000000
-0.452519 -0.273156 2.793278 1.000000
0.058012 -0.248785 2.755462 1.000000
-0.451820 -0.334517 2.806114 0.307692
0.068305 -0.305100 2.781019 0.509615
-0.296784 -0.581067 2.768173 1.000000
-0.080603 -0.572261 2.695741 1.000000
-0.292494 -1.020662 2.814020 1.000000
-0.049766 -1.003635 2.787008 1.000000
-0.291512 -1.036147 2.665453 0.000000
-0.044781 -1.034196 2.640878 0.000000
-0.238727 0.652209 2.674865 1.000000
-0.405080 0.315443 2.758458 1.000000
-0.074170 0.339073 2.745650 1.000000
-0.246987 0.376752 2.653166 0.000000
-0.226712 0.187819 2.828434 0.000000
-0.406230 -0.049478 2.717839 0.384615
-0.025818 -0.017816 2.703410 0.913462
-0.212034 -0.030943 2.821768 0.000000
-0.443852 0.023224 2.763887 1.000000
0.004046 0.054815 2.747756 1.000000
-0.449494 -0.280658 2.781102 1.000000
0.055468 -0.244956 2.734887 1.000000
-0.438456 -0.340735 2.795223 0.341346
0.066042 -0.303221 2.714298 0.408654
-0.297518 -0.585227 2.769285 1.000000
-0.076114 -0.571710 2.685125 1.000000
-0.292522 -1.024333 2.819535 1.000000
-0.049654 -1.002208 2.781746 1.000000
-0.296961 -1.041359 2.671199 0.000000
-0.047757 -1.034806 2.635984 0.019231
-0.257401 0.647619 2.676971 1.000000
-0.410044 0.316153 2.758229 1.000000
-0.079205 0.342642 2.750012 1.000000
-0.251028 0.378633 2.655037 0.000000
-0.231573 0.190225 2.830961 0.000000
-0.404785 -0.048217 2.701388 0.509615
-0.024303 -0.020293 2.720820 0.721154
-0.220377 -0.032072 2.822178 0.000000
-0.447876 0.024621 2.755056 1.000000
-0.000732 0.059317 2.749010 1.000000
-0.447829 -0.278933 2.753760 1.000000
0.045296 -0.238896 2.715891 1.000000
-0.445004 -0.337419 2.731358 0.492788
0.062460 -0.296221 2.697189 0.257212
-0.293718 -0.584201 2.771682 1.000000
-0.070077 -0.571560 2.681285 1.000000
-0.292351 -1.023671 2.818882 1.000000
-0.046532 -1.002595 2.776250 1.000000
-0.283333 -1.039566 2.670630 0.000000
-0.031232 -1.033768 2.630968 0.000000
-0.263833 0.647362 2.671887 1.000000
-0.408022 0.312323 2.764647 1.000000
-0.077571 0.343052 2.755576 1.000000
-0.250350 0.380192 2.662803 0.000000
-0.227659 0.186144 2.832083 0.000000
-0.407759 -0.048570 2.712730 0.375000
-0.026889 -0.019214 2.712652 0.596154
-0.217463 -0.031790 2.823919 0.000000
-0.449219 0.023507 2.738002 1.000000
-0.000618 0.060583 2.745016 1.000000
-0.439436 -0.278252 2.719505 1.000000
0.036862 -0.232753 2.681412 1.000000
-0.453261 -0.337555 2.704587 0.459135
0.058781 -0.291480 2.680329 0.223558
-0.290650 -0.585363 2.767589 1.000000
-0.068242 -0.571332 2.693270 1.000000
-0.293614 -1.024528 2.817479 1.000000
-0.050179 -1.003807 2.782731 1.000000
-0.292296 -1.041397 2.669066 0.000000
-0.041184 -1.033651 2.636645 0.000000
-0.271792 0.643454 2.673286 1.000000
-0.405584 0.311267 2.760204 1.000000
-0.075226 0.344241 2.759750 1.000000
-0.245606 0.378504 2.661589 0.000000
-0.226313 0.187596 2.834816 0.000000
-0.402979 -0.055004 2.707453 0.625000
-0.023280 -0.013670 2.714082 0.913462
-0.215336 -0.031901 2.821967 0.000000
-0.442855 0.022285 2.734506 1.000000
0.004231 0.063162 2.744213 1.000000
-0.435352 -0.278002 2.703063 1.000000
0.052489 -0.219438 2.649209 1.000000
-0.455456 -0.337373 2.704245 0.560096
0.052634 -0.281315 2.639125 0.257212
-0.286548 -0.587467 2.767786 1.000000
-0.069632 -0.570833 2.713859 1.000000
-0.292491 -1.026386 2.819541 1.000000
-0.052647 -1.005693 2.791136 1.000000
-0.287877 -1.043932 2.671272 0.000000
-0.044299 -1.031471 2.644239 0.000000
-0.269933 0.646134 2.680703 1.000000
-0.405131 0.304265 2.760570 1.000000
-0.075373 0.342782 2.760799 1.000000
-0.246324 0.376085 2.663303 0.000000
-0.223794 0.182190 2.832781 0.000000
-0.392323 -0.054496 2.695039 0.644231
-0.013416 -0.014941 2.723137 0.884615
-0.211547 -0.030319 2.819910 0.000000
-0.436931 0.014740 2.730383 1.000000
0.012584 0.063943 2.744686 1.000000
-0.427167 -0.282567 2.676257 1.000000
0.052018 -0.218986 2.645630 1.000000
-0.430165 -0.344306 2.686735 0.475962
0.050763 -0.281002 2.636525 0.425481
-0.279066 -0.586678 2.769973 1.000000
-0.069518 -0.572429 2.733839 1.000000
-0.293583 -1.025527 2.820611 1.000000
-0.058265 -1.009849 2.796300 1.000000
-0.280395 -1.043013 2.672850 0.000000
-0.043636 -1.030494 2.649084 0.000000
-0.259896 0.642142 2.678310 1.000000
-0.388572 0.305605 2.757929 1.000000
-0.058842 0.344189 2.761578 1.000000
-0.228764 0.377336 2.662248 0.000000
-0.207981 0.183657 2.832196 0.000000
-0.380985 -0.052619 2.693341 0.509615
-0.001471 -0.016219 2.717174 0.807692
-0.198925 -0.026656 2.815967 0.000000
-0.426742 0.017560 2.725467 1.000000
0.023450 0.063904 2.749349 1.000000
-0.401575 -0.275431 2.657234 1.000000
0.060876 -0.217317 2.646166 1.000000
-0.408555 -0.333822 2.635504 0.391827
0.081474 -0.276219 2.640107 0.324519
-0.268172 -0.584899 2.775156 1.000000
-0.060773 -0.572123 2.747574 1.000000
-0.295230 -1.023103 2.826227 1.000000
-0.055299 -1.010926 2.800362 1.000000
-0.283453 -1.041059 2.678404 0.000000
-0.042878 -1.028552 2.652551 0.000000
-0.243470 0.645561 2.684140 1.000000
-0.375963 0.313657 2.752911 1.000000
-0.045850 0.344031 2.770998 1.000000
-0.210558 0.382726 2.665107 0.000000
-0.201676 0.186278 2.832902 0.000000
-0.371429 -0.047900 2.691190 0.711538
0.008484 -0.016580 2.715863 0.788462
-0.189312 -0.024352 2.814217 0.000000
-0.415435 0.025151 2.722586 1.000000
0.034428 0.063803 2.743775 1.000000
-0.400917 -0.269620 2.657161 1.000000
0.068835 -0.226409 2.666482 1.000000
-0.389954 -0.331266 2.660332 0.459135
0.090178 -0.280866 2.643913 0.459135
-0.264081 -0.580573 2.780437 1.000000
-0.055473 -0.570988 2.751655 1.000000
-0.299260 -1.018727 2.826775 1.000000
-0.055717 -1.010029 2.802710 1.000000
-0.286848 -1.035368 2.678849 0.000000
-0.043142 -1.027229 2.654862 0.000000
-0.236710 0.649705 2.691003 1.000000
-0.371698 0.311848 2.753598 1.000000
-0.040924 0.337457 2.766130 1.000000
-0.206924 0.379656 2.663651 0.000000
-0.197820 0.181151 2.828994 0.000000
-0.362220 -0.052990 2.686949 0.567308
0.016553 -0.012630 2.715685 0.730769
-0.182019 -0.025365 2.811935 0.000000
-0.405095 0.024233 2.713851 1.000000
0.044511 0.058647 2.746547 1.000000
-0.381881 -0.272666 2.665090 1.000000
0.082502 -0.235628 2.691559 1.000000
-0.362470 -0.331134 2.653466 0.745192
0.096247 -0.284006 2.654127 0.307692
-0.263193 -0.580742 2.785916 1.000000
-0.055015 -0.570022 2.754881 1.000000
-0.297549 -1.019276 2.829179 1.000000
-0.053097 -1.009160 2.805057 1.000000
-0.282425 -1.035039 2.681410 0.000000
-0.043366 -1.026039 2.656958 0.000000
-0.226078 0.647388 2.694893 1.000000
